0 0 [ 1315.26627219  1502.18543046  1553.40740741  1521.62790698  1423.13043478
  1199.31034483  1359.11111111  1548.5106383   1473.15789474  1413.98058252
  1568.27956989]
0 10 [ 1311.11764706  1386.09271523  1517.29927007  1424.27480916  1438.
  1284.85294118  1384.6         1506.13636364  1475.09433962  1291.76470588
  1607.7       ]
0 20 [ 1257.45614035  1349.96644295  1470.07042254  1293.58778626  1379.13793103
  1227.42424242  1482.83018868  1594.79166667  1442.31481481  1255.3960396
  1593.91089109]
0 30 [ 1272.04142012  1305.89041096  1404.96478873  1334.80769231  1396.81415929
  1239.21875     1498.20754717  1545.68181818  1575.6122449   1341.60194175
  1543.65740741]
0 40 [ 1266.22807018  1276.19047619  1282.73049645  1279.23076923  1391.23931624
  1170.15873016  1430.27777778  1433.06122449  1550.19230769  1347.28971963
  1535.13157895]
0 50 [ 1328.07471264  1260.78231293  1337.42957746  1300.31007752  1363.65546218
  1162.5         1368.09090909  1442.60869565  1304.42307692  1239.05
  1514.82142857]
1 0 [ 1290.37142857  1249.12587413  1271.77304965  1330.390625    1332.0661157
  1143.046875    1504.18181818  1490.          1228.51851852  1262.30769231
  1462.07964602]
1 10 [ 1239.03954802  1311.14583333  1257.70547945  1357.64925373  1251.8852459
  1119.84615385  1464.31372549  1459.02173913  1315.8490566   1329.12621359
  1429.64912281]
1 20 [ 1195.05494505  1320.90604027  1183.00699301  1303.6259542   1236.8852459
  1168.61538462  1382.70833333  1211.52173913  1341.98275862  1313.82352941
  1454.59459459]
1 30 [ 1182.20338983  1262.06666667  1178.38028169  1256.89393939  1266.0483871
  1134.14285714  1400.64814815  1311.83673469  1253.5         1310.99056604
  1408.05555556]
1 40 [ 1169.03409091  1221.75496689  1167.41258741  1177.55725191  1236.74796748
  1121.83098592  1335.27272727  1151.08695652  1223.57142857  1271.99029126
  1415.72072072]
1 50 [ 1232.54189944  1207.01986755  1130.06944444  1115.72519084  1270.56
  1095.54054054  1137.74509804  1097.82608696  1272.56410256  1269.05940594
  1411.97368421]
2 0 [ 1251.41242938  1157.48344371  1164.33566434  1156.03053435  1219.83606557
  1095.87837838  1160.75471698  1196.88888889  1277.80487805  1217.2815534
  1359.64285714]
2 10 [ 1247.06896552  1205.46052632  1111.04895105  1140.51851852  1222.88135593
  1145.91549296  1195.48076923  1203.3         1090.25641026  1243.48623853
  1414.07079646]
2 20 [ 1201.88571429  1189.93421053  1130.98591549  1095.60150376  1155.875
  1118.85714286  1132.40740741  1158.7         1175.36585366  1279.
  1362.8440367 ]
2 30 [ 1117.88571429  1121.28289474  1048.25174825  1177.22222222  1113.60655738
  1109.85915493  1277.28070175  1199.01960784  1041.86046512  1220.58252427
  1359.33962264]
2 40 [ 1089.31034483  1136.36363636   996.33333333  1087.38970588  1100.85365854
  1044.02777778  1162.12962963  1122.24489796   934.4047619   1212.90816327
  1378.94230769]
2 50 [ 1069.94219653  1130.35714286  1008.23333333  1150.0729927   1043.76984127
  1077.90540541  1081.17021277  1058.04347826   975.22727273  1119.59183673
  1315.38461538]
3 0 [ 1043.08988764  1110.55194805  1001.83870968  1106.94244604  1002.18253968
  1044.15492958  1072.17948718  1155.30612245  1111.17021277  1189.05263158
  1327.2972973 ]
3 10 [ 1108.50282486  1125.35947712   999.80263158  1110.53571429  1001.375
  1093.65671642  1120.52631579  1261.46551724  1053.16326531  1164.78021978
  1304.32432432]
3 20 [ 1089.35028249  1019.66216216  1008.08724832  1037.16312057  1061.2195122
  1088.4375      1162.11111111  1330.16949153  1110.          1165.73684211
  1271.27272727]
3 30 [ 1005.93220339  1008.9261745   1002.43243243   987.90780142  1075.67460317
  1106.484375    1130.          1189.57627119  1035.45454545  1148.93617021
  1232.88990826]
3 40 [ 1014.77142857   985.71428571   943.125       1018.64963504  1096.08870968
  1004.20634921  1085.23255814  1185.71428571   948.17073171  1128.04123711
  1179.01869159]
3 50 [ 1074.13888889   979.96644295   922.34482759   938.27205882  1067.51968504
  1060.28169014  1051.51162791  1137.63157895   913.25        1058.7628866
  1234.54954955]
4 0 [ 1058.91061453   981.64473684   903.89655172   903.20895522   954.7983871
   999.65277778   959.87804878  1051.98275862   832.25        1013.56382979
  1279.81981982]
4 10 [ 1057.17032967   975.76666667   867.60135135   920.67375887   976.33064516
   939.2         1048.02325581  1123.96551724   845.          1084.72527473
  1286.75925926]
4 20 [ 1072.36263736   988.83333333   857.96551724   903.11188811   965.5859375
   965.67073171  1012.07317073  1036.78571429   917.76315789  1056.94444444
  1246.26168224]
4 30 [ 1068.03278689   923.78289474   823.63945578   866.08391608   930.11278195
   989.75609756   936.11111111  1063.92857143  1017.69230769  1062.82608696
  1204.71698113]
4 40 [ 1036.1878453    846.67763158   848.13333333   883.42857143   877.7443609
   963.64864865   929.55555556   993.67924528  1020.48780488  1100.36842105
  1177.40196078]
4 50 [  972.29281768   861.34228188   832.80405405   829.96453901   846.5530303
   960.07042254   895.12195122   978.96226415   956.74418605  1114.79591837
  1193.48039216]
5 0 [  958.63888889   853.26666667   816.45695364   849.75694444   908.2962963
   940.70422535   881.77083333   922.29166667   884.04761905  1113.69791667
  1198.36538462]
5 10 [  968.55932203   877.8          815.           869.61538462   891.88405797
   933.90410959   998.39622642   889.4          961.9047619   1030.71428571
  1172.00934579]
5 20 [  950.6424581    860.1986755    811.54605263   863.44827586   832.68115942
   904.72972973  1027.74509804   884.23076923   896.41304348  1044.05
  1150.72815534]
5 30 [  970.77348066   843.46405229   803.16993464   876.46666667   793.49264706
   926.06666667  1031.15384615   941.72727273   945.58139535   970.98039216
  1110.        ]
5 40 [ 1004.56043956   853.7254902    795.19607843   839.4966443    806.27819549
   896.98630137   948.77777778   875.81818182   840.12195122   932.5
  1093.11320755]
5 50 [  961.84357542   830.86092715   786.9205298    778.18493151   776.12781955
   829.22535211  1017.38095238   875.74074074   895.10869565   904.66019417
  1043.45794393]
6 0 [  929.83050847   802.96666667   762.38410596   819.15492958   791.04477612
   821.02739726   921.9047619    820.72727273   857.5          910.15151515
  1021.28440367]
6 10 [  887.62711864   787.48322148   729.13907285   880.28368794   805.29850746
   811.85714286   915.34883721   793.21428571   923.5106383    932.44680851
  1047.20183486]
6 20 [  860.39772727   775.86092715   705.68627451   894.5035461    795.51470588
   864.85714286   895.6122449    869.19642857   845.83333333   914.08602151
  1063.0733945 ]
6 30 [  880.17045455   755.43624161   710.29801325   865.21276596   835.92592593
   847.35714286   850.           856.12068966   860.51020408   936.56565657
  1057.31132075]
6 40 [  888.64942529   771.95945946   699.39189189   911.02739726   841.32352941
   782.89473684   841.82692308  1000.42372881   879.77777778   911.59793814
  1092.9245283 ]
6 50 [  889.88764045   757.00657895   722.80405405   911.31756757   847.16911765
   749.58333333   884.13043478   938.47457627   884.59183673   972.19387755
  1077.80373832]
7 0 [  864.71910112   795.83892617   703.5472973    893.07432432   808.51145038
   774.86666667   854.50980392   872.09677419   963.46938776   952.54901961
  1086.58878505]
7 10 [  861.05113636   778.36666667   766.66666667   931.95945946   840.49618321
   711.49350649   828.02083333   932.54385965   929.90196078   936.58415842
  1116.34259259]
7 20 [  935.20114943   821.68874172   822.09459459   970.90604027   839.61538462
   707.36842105   800.           916.01694915   949.69387755   988.52941176
  1118.73831776]
7 30 [  959.50867052   870.90604027   843.42105263  1010.5          837.03846154
   736.90789474   836.15384615   981.8852459    873.61702128   961.63265306
  1053.67924528]
7 40 [  962.08092486   854.32432432   883.70967742  1023.27702703   732.5
   731.73076923   828.66071429  1052.           899.43396226   977.9
  1078.24074074]
7 50 [  942.93604651   905.13605442   900.97402597  1066.97986577   768.4469697
   747.69230769   718.62068966  1014.765625     858.75         986.2745098
  1066.38888889]
8 0 [  971.08571429   960.13513514   972.09150327  1024.5          783.74074074
   735.81081081   788.10344828  1001.875        849.76190476   970.58823529
  1058.30097087]
8 10 [ 1008.66477273  1018.31081081   984.38311688  1003.88888889   739.96296296
   811.55844156   727.66666667   967.265625     928.7704918    971.84466019
  1100.3271028 ]
8 20 [ 1055.17045455  1102.31543624  1056.03896104   965.74675325   714.28571429
   826.53333333   731.4516129    836.06060606   822.25         951.14678899
  1094.59090909]
8 30 [ 1153.44117647  1177.72413793  1003.90322581   967.02614379   766.36029412
   817.8          796.74603175   954.16666667   905.15873016   951.18181818
  1156.35135135]
8 40 [ 1131.57894737  1179.75862069   910.19354839  1028.70967742   783.26086957
   783.76623377   850.52238806   983.57142857   903.86363636  1025.27272727
  1153.42342342]
8 50 [ 1196.95266272  1145.42253521   914.80645161  1031.06451613   752.53676471
   853.86075949   903.57142857   998.28947368   909.93055556  1050.23584906
  1034.03508772]
9 0 [ 1241.63636364  1111.66666667  1011.15384615   978.96774194   796.42335766
   846.8902439    959.30769231  1093.24675325  1058.84615385  1056.74528302
  1086.71171171]
9 10 [ 1240.51515152  1136.60714286   953.86075949   994.39102564   839.16083916
   954.81927711   958.70967742  1097.10843373  1049.73333333  1060.31531532
  1050.47826087]
9 20 [ 1248.46385542  1141.32867133   913.99371069  1097.21153846   968.08724832
  1012.52808989   982.64285714  1125.35714286  1134.45945946  1060.76923077
  1018.24786325]
9 30 [ 1197.1686747   1137.95138889  1036.34375     1195.61290323  1121.11842105
  1071.08695652  1020.77922078  1164.09090909  1108.33333333  1110.625
  1116.93548387]
9 40 [ 1177.01807229  1127.34482759  1105.125       1352.07792208  1187.4516129
  1280.05263158  1105.92592593  1136.55555556  1116.5         1134.79166667
  1047.75590551]
9 50 [ 1155.82840237  1142.55395683  1076.3125      1509.83974359  1440.62091503
  1376.25        1125.58823529  1318.69565217  1233.79518072  1168.7007874
  1078.80165289]
10 0 [  997.35119048  1109.          1185.67901235  1613.31168831  1512.73026316
  1393.36956522  1195.5         1362.70833333  1363.78947368  1301.50735294
  1194.55284553]
10 10 [  993.23529412  1119.35714286  1342.91925466  1795.57324841  1662.38562092
  1402.07446809  1355.47058824  1445.66326531  1441.75        1354.9270073
  1174.42307692]
10 20 [  996.59763314  1214.43661972  1383.86792453  1921.65584416  1805.28481013
  1479.6         1361.94117647  1505.24509804  1595.05494505  1499.38848921
  1183.40909091]
10 30 [ 1057.45614035  1323.62676056  1558.29192547  2052.05128205  1890.4375
  1574.23076923  1448.5326087   1632.54901961  1574.53125     1564.96268657
  1227.34615385]
10 40 [ 1142.77777778  1420.1056338   1705.0931677   2145.76433121  2075.50314465
  1694.20560748  1575.          1656.34615385  1634.58762887  1536.52985075
  1357.40601504]
10 50 [ 1130.08522727  1532.31034483  1865.30674847  2254.16129032  2198.59375
  1870.23148148  1676.82291667  1692.03703704  1785.67010309  1693.95683453
  1503.87218045]
11 0 [ 1197.84482759  1649.48630137  1951.99386503  2290.85526316  2239.26751592
  1921.32743363  1727.17821782  1820.54545455  1953.73786408  1861.00719424
  1627.73722628]
11 10 [ 1244.94318182  1948.04054054  2071.66666667  2356.2745098   2398.25
  1966.27272727  1674.6969697   1927.56880734  2009.95192308  1956.70212766
  1785.03597122]
11 20 [ 1488.63888889  2043.23333333  2191.08695652  2393.61842105  2456.92307692
  2061.68181818  1786.17647059  1932.63888889  1925.97222222  2023.52517986
  1893.74074074]
11 30 [ 1659.12429379  2145.16556291  2324.8757764   2478.16993464  2538.10897436
  2068.76106195  1753.62745098  2081.48148148  2072.13636364  2082.88732394
  1975.90909091]
11 40 [ 1783.13559322  2060.94771242  2451.33540373  2483.11258278  2557.46794872
  2154.56140351  1869.3877551   2162.73504274  2078.84955752  2166.78571429
  2104.        ]
11 50 [ 1869.31693989  2287.18954248  2527.06790123  2508.82550336  2544.39102564
  2266.07142857  1939.95098039  2175.76576577  2098.54545455  2222.16312057
  2085.10948905]
12 0 [ 2045.76086957  2408.55263158  2521.55063291  2481.78082192  2642.25490196
  2319.17431193  1958.25        2205.35087719  2014.13043478  2307.31884058
  2237.02205882]
12 10 [ 2124.55307263  2406.53333333  2501.00649351  2582.9020979   2605.17123288
  2300.55555556  2137.47524752  2165.81818182  2123.96396396  2362.63888889
  2376.16197183]
12 20 [ 2220.56179775  2555.95238095  2635.61688312  2722.78169014  2682.98561151
  2299.75490196  2220.09803922  2318.16513761  2195.36697248  2421.47260274
  2434.5112782 ]
12 30 [ 2303.02259887  2492.20689655  2725.26143791  2708.35766423  2663.16176471
  2273.63636364  2325.0952381   2264.81981982  2106.9047619   2469.27083333
  2511.94029851]
12 40 [ 2318.88268156  2573.34507042  2704.21568627  2726.20437956  2735.96296296
  2353.46938776  2354.80582524  2265.91743119  2136.02941176  2532.07482993
  2545.11278195]
12 50 [ 2430.99447514  2619.85915493  2785.95890411  2802.2826087   2697.55395683
  2424.03061224  2310.34313725  2287.5         2165.24038462  2613.75
  2532.13235294]
13 0 [ 2483.74269006  2633.70503597  2761.65517241  2819.82014388  2780.2739726
  2394.19811321  2270.86538462  2335.60747664  2177.83653846  2640.
  2569.92592593]
13 10 [ 2461.50289017  2705.78571429  2783.18181818  2765.50359712  2730.75342466
  2446.63461538  2205.48543689  2401.19266055  2219.81481481  2674.11347518
  2568.38345865]
13 20 [ 2488.01169591  2661.8705036   2806.32653061  2791.47482014  2714.76190476
  2570.37735849  2177.65        2403.42592593  2210.09615385  2675.4676259
  2481.78030303]
13 30 [ 2662.79411765  2753.02919708  2907.20689655  2850.97744361  2684.21768707
  2553.54368932  2162.29591837  2422.78846154  2234.55752212  2623.1294964
  2537.7480916 ]
13 40 [ 2664.11764706  2731.70212766  2891.12244898  2946.05263158  2694.35810811
  2593.06930693  2247.90322581  2425.          2205.72727273  2618.80434783
  2581.48148148]
13 50 [ 2685.02906977  2675.58394161  2922.95138889  2935.5078125   2745.85616438
  2573.55670103  2324.56989247  2417.68421053  2212.33944954  2633.48591549
  2598.34615385]
14 0 [ 2723.40361446  2683.62962963  2898.4375      2921.640625    2770.38194444
  2637.19387755  2317.01030928  2438.40206186  2262.40740741  2594.78723404
  2505.35714286]
14 10 [ 2707.86144578  2712.16911765  2867.97794118  2906.640625    2800.03521127
  2639.62365591  2317.34375     2419.15789474  2313.53773585  2634.78873239
  2560.43307087]
14 20 [ 2696.34730539  2668.52272727  2889.80620155  2802.72357724  2802.84722222
  2557.57731959  2346.80851064  2391.70212766  2359.89361702  2741.12318841
  2555.03937008]
14 30 [ 2685.15337423  2683.0078125   2885.91911765  2827.5203252   2799.17857143
  2599.01098901  2331.88888889  2362.20430108  2360.46391753  2782.44186047
  2651.953125  ]
14 40 [ 2718.7962963   2720.76335878  2947.61029412  2827.07317073  2872.20149254
  2667.69662921  2474.14772727  2423.73684211  2319.58762887  2791.61290323
  2639.87179487]
14 50 [ 2718.54545455  2726.86046512  2853.12030075  2807.30769231  2856.00746269
  2707.91208791  2493.19767442  2517.44791667  2357.44565217  2804.09090909
  2635.92105263]
15 0 [ 2747.19512195  2691.09756098  2907.64705882  2796.01694915  2817.16535433
  2702.88659794  2495.47058824  2581.46067416  2436.17977528  2807.77777778
  2632.73109244]
15 10 [ 2673.13664596  2659.83739837  2860.57553957  2752.31404959  2882.43902439
  2722.57731959  2574.01162791  2626.39534884  2499.46428571  2760.76271186
  2652.2972973 ]
15 20 [ 2718.19620253  2635.95041322  2779.69924812  2820.79831933  2815.04098361
  2767.15053763  2696.01123596  2734.70930233  2517.73255814  2856.20833333
  2715.81081081]
15 30 [ 2685.25477707  2708.96694215  2802.86821705  2878.18965517  2830.91666667
  2780.21052632  2773.91566265  2636.22222222  2463.39285714  2868.06722689
  2695.94594595]
15 40 [ 2771.99346405  2721.52892562  2881.57480315  3102.05882353  2901.45833333
  2803.16666667  2599.23076923  2674.19354839  2475.98837209  2856.1965812
  2745.45454545]
15 50 [ 2687.34375     2771.40495868  2858.96        3128.01724138  2904.2173913
  2754.67391304  2651.90140845  2692.61904762  2458.54651163  2805.47413793
  2728.90350877]
16 0 [ 2792.67295597  2721.5         2963.03278689  2995.54545455  2971.26126126
  2849.82954545  2683.93939394  2763.45679012  2574.57317073  2759.33333333
  2707.12389381]
16 10 [ 2771.49681529  2702.          2960.21008403  2972.78761062  2881.53153153
  2855.95238095  2655.44117647  2741.75675676  2584.15662651  2803.34782609
  2720.50925926]
16 20 [ 2805.78125     2805.04310345  2866.46551724  3073.59649123  2915.66037736
  2783.33333333  2657.22222222  2728.30882353  2607.53012048  2703.11926606
  2746.43518519]
16 30 [ 2786.01265823  2784.69827586  2889.35344828  3111.75438596  2873.84615385
  2778.17073171  2720.3968254   2610.64285714  2512.8313253   2769.06542056
  2642.14953271]
16 40 [ 2752.33974359  2891.125       2893.81147541  3022.68907563  2887.66666667
  2801.55172414  2578.70689655  2675.          2520.          2863.11320755
  2693.73831776]
16 50 [ 2575.29605263  2882.58196721  2912.76859504  3057.79279279  2880.89622642
  2819.62962963  2562.9245283   2664.05172414  2569.05063291  2801.29807692
  2593.50515464]
17 0 [ 2588.76582278  2822.64        2929.38016529  3078.30275229  2885.6372549
  2821.02941176  2552.88135593  2513.25396825  2502.5         2749.16666667
  2633.35051546]
17 10 [ 2591.72955975  2796.12903226  2929.64566929  3045.85585586  2922.79411765
  2721.80555556  2595.37735849  2624.90384615  2514.78571429  2779.54545455
  2534.69387755]
17 20 [ 2583.57594937  2734.48818898  3011.42307692  3022.43362832  2874.94897959
  2655.14285714  2550.18518519  2570.58823529  2515.          2741.25
  2526.51960784]
17 30 [ 2541.95512821  2740.11811024  2959.20454545  3013.31818182  2872.26804124
  2558.16901408  2509.52830189  2583.40425532  2457.71186441  2786.55555556
  2420.52884615]
17 40 [ 2420.37267081  2768.8976378   2914.01639344  2886.19469027  2851.47727273
  2683.48484848  2513.9         2429.07407407  2447.54385965  2743.48837209
  2498.91509434]
17 50 [ 2347.03125     2758.47107438  2870.6097561   2937.47663551  2745.29069767
  2777.85714286  2357.9787234   2432.14285714  2478.79310345  2671.15384615
  2422.59615385]
18 0 [ 2350.83333333  2734.83471074  2811.00806452  2931.79245283  2829.4375
  2730.75757576  2267.06521739  2404.1         2313.30769231  2565.64705882
  2442.75700935]
18 10 [ 2242.45098039  2739.36        2858.8         2898.85416667  2793.03797468
  2729.53125     2294.88372093  2376.96078431  2390.          2502.84883721
  2370.33653846]
18 20 [ 2182.59615385  2684.56349206  2760.72580645  2938.52380952  2800.
  2684.56140351  2265.          2453.58695652  2459.27272727  2521.81818182
  2239.48453608]
18 30 [ 2182.64705882  2525.4887218   2632.40458015  2728.36633663  2711.36986301
  2665.90909091  2211.          2271.53846154  2313.62068966  2419.11111111
  2221.66666667]
18 40 [ 2114.96815287  2511.54411765  2465.33834586  2652.92079208  2662.78571429
  2601.51785714  2130.          2316.33333333  2307.39130435  2335.51724138
  2281.53465347]
18 50 [ 2121.03030303  2422.94573643  2471.31782946  2524.10891089  2593.73134328
  2579.90740741  2097.97297297  2138.90243902  2310.81395349  2327.90697674
  2276.75      ]
19 0 [ 1999.51515152  2418.30769231  2389.07692308  2522.5         2462.89855072
  2618.63636364  2037.63888889  2163.61111111  2286.42857143  2337.75641026
  2221.68367347]
19 10 [ 1869.17177914  2389.65909091  2397.68939394  2430.          2535.06666667
  2502.41071429  2046.89189189  1937.35294118  2081.53846154  2314.69135802
  2220.51546392]
19 20 [ 1868.58490566  2280.15503876  2293.9453125   2427.36842105  2618.71212121
  2413.70967742  2030.13888889  1960.55555556  1993.57142857  2196.03448276
  2202.52747253]
19 30 [ 1810.82822086  2275.8984375   2274.96153846  2339.35        2508.78787879
  2312.03125     2033.88888889  2105.          2091.03773585  2101.73076923
  2128.64583333]
19 40 [ 1780.23809524  2298.76923077  2220.99236641  2326.95238095  2360.14705882
  2291.71641791  2182.94871795  2155.          2108.21428571  2009.03846154
  2079.05      ]
19 50 [ 1882.75147929  2238.75968992  2188.82575758  2162.52427184  2340.53030303
  2283.87096774  2103.          1993.80952381  2130.          1999.3452381
  2049.2       ]
20 0 [ 1829.88023952  2173.34615385  2144.77099237  2131.51960784  2288.63013699
  2030.69230769  1953.59375     2033.29545455  1962.          1906.78571429
  2041.66666667]
20 10 [ 1864.9137931   2108.5         2088.78787879  2010.97087379  2286.08974359
  2093.78787879  2019.6969697   1821.73469388  1987.05882353  1863.43373494
  1990.1010101 ]
20 20 [ 1846.74285714  2089.96124031  2093.39552239  2013.83495146  2192.55952381
  2077.69230769  1978.62068966  1967.29166667  1785.21276596  1970.11904762
  2055.50505051]
20 30 [ 1785.74404762  2094.31818182  2094.66165414  1978.99082569  2163.90804598
  2106.5625      1888.79310345  1908.125       2042.5         1836.88888889
  2010.72916667]
20 40 [ 1668.71345029  2086.7037037   2024.6969697   1977.25663717  2212.06896552
  2127.36842105  1838.28571429  1976.05263158  1852.87037037  1706.59090909
  2000.09433962]
20 50 [ 1683.06358382  2078.29710145  2014.04        1998.57142857  2192.69662921
  1923.03571429  1991.52777778  1923.75        1914.03508772  1783.70588235
  1915.38834951]
21 0 [ 1691.20588235  1958.41726619  2052.3255814   1856.5         2130.52083333
  1771.8         1951.94444444  1855.52083333  1901.05263158  1758.48101266
  1955.4950495 ]
21 10 [ 1657.15151515  1871.59574468  2022.890625    1842.54464286  2123.55555556
  1852.23214286  1889.16666667  1847.3255814   1851.57407407  1632.53012048
  1937.74038462]
21 20 [ 1700.03030303  1788.90070922  2091.83206107  1954.91304348  1941.68421053
  1714.31372549  1786.16666667  1828.20512821  1875.19607843  1660.97701149
  1864.40594059]
21 30 [ 1590.24242424  1853.33333333  1924.46153846  1936.45833333  1911.4893617
  1586.72727273  1720.          1889.16666667  1849.58333333  1536.9047619
  1933.47619048]
21 40 [ 1531.98170732  1772.19178082  1899.10447761  1899.59016393  1862.52688172
  1558.75        1782.90322581  1966.375       1620.81632653  1623.60215054
  1979.06862745]
21 50 [ 1495.82822086  1677.97202797  1867.14285714  1938.64754098  1865.15789474
  1623.79310345  1848.75        1892.25490196  1604.7826087   1572.81914894
  1868.6407767 ]
22 0 [ 1447.04268293  1641.04166667  1682.44444444  1859.88        1846.95
  1518.80952381  1746.17647059  1836.54761905  1607.05882353  1667.82608696
  1917.9047619 ]
22 10 [ 1442.71604938  1683.4751773   1741.84397163  1723.7398374   1794.43877551
  1524.75409836  1735.11627907  1807.45098039  1685.95744681  1634.12087912
  1824.58333333]
22 20 [ 1448.06748466  1642.32394366  1781.22302158  1683.59504132  1752.0212766
  1491.41666667  1602.28571429  1798.54166667  1548.02083333  1575.30927835
  1743.56481481]
22 30 [ 1419.93865031  1636.79577465  1703.62318841  1711.55737705  1707.20430108
  1480.18181818  1716.05263158  1811.70731707  1482.85714286  1590.
  1714.90654206]
22 40 [ 1456.80722892  1608.42657343  1681.92857143  1626.62601626  1710.
  1573.98148148  1761.58536585  1858.          1400.          1595.
  1740.70754717]
22 50 [ 1397.5         1534.75352113  1632.62068966  1652.54098361  1615.80645161
  1659.03846154  1694.61538462  1658.29545455  1396.70454545  1477.7184466
  1755.28037383]
23 0 [ 1403.56321839  1543.81756757  1624.65753425  1550.76612903  1541.84782609
  1450.34482759  1559.65517241  1708.61111111  1475.97560976  1370.75471698
  1743.69158879]
23 10 [ 1401.          1489.55172414  1604.89795918  1613.359375    1598.8
  1365.75        1697.85714286  1721.39534884  1463.29787234  1335.5
  1740.51020408]
23 20 [ 1395.93567251  1453.17241379  1607.80405405  1594.92248062  1614.95238095
  1449.44444444  1655.55555556  1705.58139535  1380.43478261  1321.76190476
  1662.35294118]
23 30 [ 1366.60714286  1458.87323944  1550.58219178  1502.8125      1498.87850467
  1406.89655172  1715.75757576  1635.88888889  1565.48076923  1273.22115385
  1690.83333333]
23 40 [ 1357.15909091  1517.44755245  1538.86524823  1542.71653543  1534.90291262
  1456.12068966  1615.12820513  1720.72916667  1617.75510204  1284.19811321
  1673.60576923]
23 50 [ 1384.23295455  1579.39189189  1559.75862069  1547.34126984  1502.47706422
  1341.49122807  1527.5         1707.91666667  1601.875       1307.82407407
  1627.73584906]
